$ANSIBLE_VAULT;1.1;AES256
62383938343730626437323033316230623337613033613534356634386233323539643564346530
3739323237623739646532376233313932613332613463320a373464636233636266323332343639
32663064353434316333333132623437373932643663663866386562613264346663356330376163
3831306434636432350a303235626338633631313664343932653563643332393461626164376564
62653465356330316163626231646362323338613534396230666434613435363032616334303462
31336334623939343839653466383632376331643930616439376631313264646330643964373830
39633039623866343437663436366563633035376338313531376339383530333839643937653230
37373235326163396538353166313165353364383230626364626361333935643934323931306662
66663132633330376238373266346539636262316432363465363534386263633161393435383234
31643238373530383236353236646134333538633733313261626638326438623039343666343237
33313737386337633130356637343962666233626133396465383262323661326263366165643166
61626339613364376361663636646233626132383165653665656130333436316639373165313632
6530
