$ANSIBLE_VAULT;1.1;AES256
36373037373962306634326238336138653864666263663463343439303432363036633136623961
6136313935303030666435356239663032663261383836300a646539663133633363303438633261
63356662646335343130666362323434343131393531613561633466326461363661383366336133
3438366462343362370a333835363230663138356232306661386331643130626433663631353961
31376363306362613039626265383632656137656438646131333938333236633362343634383631
32626161383331643034613537666461353936636230366437383034306132383466306630393966
30346536316537646331373566313065613233346135333435386563663036636333353861633337
33383933326132343461366439313232336363613836653862616361313637386335323531333033
62396430396339326362363661653634376232303637383830633763316231396131306538333132
39626230306562643031663266316461363563373938316365393761653736346237656634373534
30633730613730383165633639653133333139633535326664633134323638653335653532346533
33393536356231303363373133656564633733633339613039356632383634663035323163633064
3531
